1.0000000000000000 0.0000000000000000 0.0000000000000000 0.0000000000000000 0.0000000000000000 1.0000000000000000 0.0000000000000000 0.0000000000000000 0.0000000000000000 0.0000000000000000 1.0000000000000000 0.0000000000000000
0.9999960200969863 -0.0027500486954519 -0.0006300971039809 0.6999536301948825 0.0027490226025924 0.9999949034060903 -0.0016235875629136 0.0193385104276876 0.0006345588374912 0.0016218489500119 0.9999984834693826 0.0134482170756979
0.9999759807367906 -0.0067674347012031 -0.0014965884734379 1.4237185495504991 0.0067660473745499 0.9999766774669309 -0.0009301210259884 0.0195669061652074 0.0015028481025113 0.0009199726966552 0.9999984475477041 0.0160574172487303
0.9999392263219912 -0.0107637052035772 -0.0023845991001224 2.1382695888672361 0.0107615975663867 0.9999416918598313 -0.0008949292247957 0.0251581200102653 0.0023940928129376 0.0008692127407824 0.9999967563891466 0.0158910141162388
0.9998760911405623 -0.0154777909745258 -0.0028706013340234 2.8650168501114224 0.0154781961908048 0.9998801984649588 0.0001189972834598 0.0460600870013783 0.0028684156164972 -0.0001634142692758 0.9999958727352967 0.0129228817092288
0.9997947818984830 -0.0200290381265393 -0.0030383746132528 3.6090996067198451 0.0200270756869585 0.9997992101870719 -0.0006749435058955 0.0649338130943048 0.0030512830077955 0.0006139552369257 0.9999951563537562 0.0180666881736354
0.9996886131646343 -0.0246497837683514 -0.0038813488819813 4.3654299541235790 0.0246513759896460 0.9996960427834554 0.0003629117204391 0.0867474656446875 0.0038712234225429 -0.0004584793051436 0.9999924016841025 0.0262856722877800
0.9995550659652390 -0.0294366096786591 -0.0048120799923683 5.1593096669017697 0.0294535511285885 0.9995600626575015 0.0034884761784029 0.1181572849029204 0.0047072740670476 -0.0036286568807118 0.9999823370540600 0.0335493423941851
0.9994093273788640 -0.0340861040041474 -0.0043742270111444 5.9439788460194682 0.0341059598026416 0.9994078747089844 0.0045479089273637 0.1595668901898829 0.0042166164240029 -0.0046944098126866 0.9999800911330402 0.0360872739842171
0.9992714890658834 -0.0380976321490115 -0.0022497921438976 6.7556863687529294 0.0381108746599852 0.9992544679552429 0.0061700489572942 0.2012652695167389 0.0020130505962439 -0.0062512955555719 0.9999784342330458 0.0583816520995122
0.9991300800420201 -0.0416964856676380 0.0006973078193254 7.5517006354651590 0.0416931832854374 0.9991215435658161 0.0042213327502133 0.2296580639724432 -0.0008727100053025 -0.0041885875458871 0.9999908470139199 0.0414288991288340
0.9990272174062034 -0.0440942943021230 0.0005586516053697 8.3659168312205487 0.0440914590616966 0.9990180447157565 0.0043462133078625 0.2632049537833393 -0.0007497462431704 -0.0043173536228198 0.9999903991230448 0.0527909901730008
0.9989246680098793 -0.0463627053115987 -0.0000848383296203 9.1957894417541830 0.0463626828352180 0.9989170364042461 0.0039058957588574 0.3057338077744291 -0.0000963414412480 -0.0039056289567663 0.9999923683612685 0.0480255160600282
0.9988300568160229 -0.0483574712334297 -0.0002694008323178 10.0248666226415857 0.0483580522352591 0.9988258042406958 0.0029174589867398 0.3438412237789474 0.0001280035639770 -0.0029270734250051 0.9999957079189151 0.0663430717701759
0.9987200345581251 -0.0505792171517701 0.0001880545974524 10.8709299037383271 0.0505785844795281 0.9987169076210433 0.0025189727882135 0.3916114036148687 -0.0003152209776860 -0.0025062370547515 0.9999968097006913 0.0655487580451900
0.9986560643371983 -0.0518265939255766 0.0002632956722145 11.7472064383571961 0.0518267250631410 0.9986559576992882 -0.0005183830120901 0.4437284379140480 -0.0002360757658279 0.0005313320910874 0.9999998309772066 0.0713523123509914
0.9985653452797695 -0.0535177670717438 -0.0017606288505368 12.6065414202225714 0.0535202852851588 0.9985657589532044 0.0014156656406469 0.5055697705607036 0.0016823404203635 -0.0015078640076153 0.9999974480351660 0.0741358634127634
0.9984769147495374 -0.0550023008219874 -0.0043124953950990 13.4710957109064218 0.0550180136205080 0.9984788228067245 0.0036136662479044 0.5622180833923007 0.0041071753674204 -0.0038454272565280 0.9999841717745916 0.0884037985931151
0.9983830519314335 -0.0565183407781314 -0.0060793726455646 14.3636873239240170 0.0565597610719553 0.9983755663221675 0.0068718264220384 0.6066267765244223 0.0056811128804101 -0.0072045628998783 0.9999579087290933 0.0944327679276192
0.9983049000984863 -0.0578841135026849 -0.0060626597595165 15.2447281413614135 0.0579287745060868 0.9982927716732406 0.0074698801317141 0.6856819002700385 0.0056199220256439 -0.0078084203887547 0.9999537214528771 0.1020617248595595
0.9982277936577191 -0.0593072597103749 -0.0048909012347827 16.1390812473956125 0.0593426446107011 0.9982099591129118 0.0074382832970427 0.7290113187134292 0.0044410021223007 -0.0077153401380097 0.9999603747282712 0.1167306717515408
0.9981786352567903 -0.0602059778282166 -0.0038278388994228 17.0430536104210759 0.0602320267947573 0.9981591586676738 0.0070990785343698 0.7913222741761947 0.0033933854905222 -0.0073167070181741 0.9999674748377184 0.1287635308536001
0.9980966007650359 -0.0615783358955997 -0.0033591799012735 17.9482391406542838 0.0616014325917393 0.9980743472736232 0.0072705444759281 0.8614881213340608 0.0029050032574556 -0.0074636360213866 0.9999679270323696 0.1374312723418192
0.9980076146949928 -0.0629645388295819 -0.0040333436239563 18.8617558932046947 0.0629907600296664 0.9979913354739481 0.0067422896563718 0.9181875239314417 0.0036007168308286 -0.0069829197978722 0.9999691363584181 0.1372292505920147
0.9979273107778203 -0.0642136762707584 -0.0042054944467963 19.7760099082023473 0.0642420695484571 0.9979097549005794 0.0070055388369984 0.9697604881995598 0.0037468525296570 -0.0072611881988921 0.9999666175638371 0.1461588736479702
0.9978899643317364 -0.0648530897192219 -0.0031138143612705 20.7171527739115966 0.0648726674829394 0.9978713069918922 0.0066627093543662 1.0217327558937570 0.0026750887188793 -0.0068506522436435 0.9999729558663988 0.1635003274281374
0.9979120729998857 -0.0645866361933203 0.0002469540494788 21.6486795403784598 0.0645834378983913 0.9978888312286638 0.0068454406955297 1.1063673743619395 -0.0006885566755868 -0.0068151987735555 0.9999765392024862 0.1559957445082451
0.9979535356040364 -0.0638024537581635 0.0042411873149505 22.5685228943430722 0.0637731820859089 0.9979418483531869 0.0067118218139751 1.1591662048353835 -0.0046606890092130 -0.0064276122987039 0.9999684813923372 0.1586508911289488
0.9980175590015541 -0.0625612202542951 0.0068589827870584 23.5154761817322751 0.0625155470292064 0.9980216169259772 0.0066827036517507 1.2117245174618341 -0.0072634911866588 -0.0062406625250541 0.9999541468622597 0.1689945679827800
0.9981182519794579 -0.0608509839445389 0.0075573023264104 24.4703906513317797 0.0608138479320877 0.9981363481463268 0.0050503869958239 1.2709972205652063 -0.0078505391639176 -0.0045812948056364 0.9999586895330925 0.1665659194450789
0.9982176450575454 -0.0593942566711170 0.0058185367794535 25.3977535945824542 0.0593596766148194 0.9982189518733073 0.0059458315768092 1.3426521979265718 -0.0061613219322186 -0.0055898475329115 0.9999653952595592 0.1693490764324832
0.9982992677582150 -0.0582949053330013 0.0005253623780809 26.3767372472997934 0.0582869935659905 0.9982519385269963 0.0097823109811603 1.4013944971132242 -0.0010947029049331 -0.0097350520959245 0.9999520140417937 0.1840138438662198
0.9983627932521667 -0.0571396128670541 -0.0026072382197878 27.3164246208373207 0.0571628890788177 0.9983152284492670 0.0099553381886627 1.4589792541423461 0.0020340014489483 -0.0100880765109630 0.9999470453731111 0.1967572916978563
0.9984102469255040 -0.0563465687933692 -0.0014293422851934 28.3026642459231716 0.0563557582208986 0.9983824794199313 0.0075135412861150 1.5315823503302548 0.0010036680236712 -0.0075821482789943 0.9999707514112468 0.2013570557727052
0.9983972642278580 -0.0564818970815092 0.0035634371612997 29.2619049018070818 0.0564699651196809 0.9983986287124778 0.0033647027247472 1.5604806271572760 -0.0037477755683537 -0.0031580828231229 0.9999879902734690 0.1936100824791294
0.9983279929420923 -0.0572931624768879 0.0076623783259872 30.2260712342792672 0.0573083193172932 0.9983549530741427 -0.0017731918546936 1.6287208904872967 -0.0075481815850436 0.0022093450892331 0.9999690713962287 0.1871057150664960
0.9982695833290529 -0.0582820288755880 0.0078130730307730 31.2293815236638892 0.0583651566796759 0.9982361108180620 -0.0108708575828598 1.6737977825749961 -0.0071657160002297 0.0113080577012617 0.9999103861572941 0.1941550770263176
0.9982263325649974 -0.0593941061706739 0.0040656027870465 32.2068856343004128 0.0594337933024078 0.9981774632837974 -0.0104582984280393 1.7317275239147338 -0.0034370317894941 0.0106813830803869 0.9999370454523465 0.2098584092469882
0.9981411658189012 -0.0609443026027479 0.0000712597324522 33.1955264559770171 0.0609426747158688 0.9981044850528905 -0.0085689740214398 1.8051626206187834 0.0004511054871935 0.0085573884783270 0.9999632831290709 0.2266156274947383
0.9980114105371312 -0.0630193744908705 -0.0013352439722117 34.1694948565285657 0.0630093661726039 0.9979915010078055 -0.0065409243012005 1.8689296009744816 0.0017447670940930 0.0064437842116829 0.9999777164681324 0.2168071229808063
0.9979583861970198 -0.0638647463433283 0.0005946373199569 35.1861283249013326 0.0638674456475869 0.9979003746507865 -0.0107606532456197 1.9277478646332420 0.0000938375856536 0.0107766621141367 0.9999419256877797 0.2400688665194010
0.9978788375914496 -0.0650200999626394 0.0031956357717772 36.2100568782692207 0.0650500172581695 0.9978280681967259 -0.0103750457108431 1.9985982006565131 -0.0025141085595769 0.0105609147159991 0.9999410714329681 0.2219697755789536
0.9978046163354356 -0.0660947570300365 0.0041750105190891 37.2296594511178469 0.0661156900921178 0.9977989698539612 -0.0050922767026913 2.0836830997121605 -0.0038292484036825 0.0053571309032142 0.9999783187675364 0.2465598884084962
0.9977075831512365 -0.0673686531537971 0.0064064884891732 38.2134334764319306 0.0674164567314885 0.9976962515283708 -0.0075637985172164 2.1608410500991995 -0.0058821666322762 0.0079783618920860 0.9999508717218206 0.2378773416370558
0.9976806947049994 -0.0673000343618863 0.0101949393249179 39.2002911610208784 0.0673664197032075 0.9977083228447494 -0.0063141129771806 2.2162537638150344 -0.0097466357950388 0.0069862651829305 0.9999280950095725 0.2496056552960773
0.9976226050716316 -0.0679023527212035 0.0117647076043833 40.2023830375406348 0.0679303991385906 0.9976880568769608 -0.0020005094215969 2.3006628089261874 -0.0116016689731754 0.0027949347039584 0.9999287922732486 0.2390789317221582
0.9976258131401436 -0.0678863220590573 0.0115837918559112 41.2106701763697814 0.0679035614137516 0.9976912819615357 -0.0011010201072118 2.3655361904476031 -0.0114823039411080 0.0018849868014328 0.9999322994688002 0.2563329390082949
0.9976457784486562 -0.0678233602948528 0.0101435961024344 42.2045115130151771 0.0678347616230445 0.9976962617826728 -0.0007837987146753 2.4273952753008965 -0.0100670680498080 0.0014700419024584 0.9999482452195642 0.2518311786582831
0.9976586016220530 -0.0679902798156675 0.0073916479973708 43.2083647483285134 0.0679663733424840 0.9976816853533327 0.0034390122424563 2.5152144476933138 -0.0076083312362096 -0.0029285766373645 0.9999667678151506 0.2658889507682674
0.9976129961974751 -0.0686531883279421 0.0074195384158682 44.1707076213978809 0.0686305195878915 0.9976367930294685 0.0032681760927985 2.5888739562672316 -0.0076263752197534 -0.0027511681674543 0.9999671341972804 0.2588770718685517
0.9975091410047267 -0.0699795594856757 0.0088529580481934 45.1912006301144373 0.0699730305397675 0.9975483356650378 0.0010454707044761 2.6545238874660089 -0.0089044151460421 -0.0004233982804940 0.9999602652729772 0.2686349516114634
0.9974593019446583 -0.0706032024179377 0.0094936174563119 46.1947940863541788 0.0706060990109048 0.9975042746149198 0.0000301234955069 2.7385616606410772 -0.0094720508094807 0.0006402603332916 0.9999549341446184 0.2551029418207382
0.9974535751348595 -0.0709342369471153 0.0073959096409770 47.1580943494135667 0.0709263249229075 0.9974806742935018 0.0013269679389379 2.8151845369015227 -0.0074714043938974 -0.0007990242244866 0.9999717694398536 0.2710170022709237
0.9974131801990530 -0.0718567850213961 0.0018842535923689 48.1580205878069805 0.0718479675593545 0.9974059299370610 0.0043909547909794 2.8831894637181228 -0.0021948856009881 -0.0042442163912030 0.9999885844870546 0.2734814289288745
0.9973868070884674 -0.0722400705542249 0.0009639772782750 49.1404628482276635 0.0722351013138973 0.9973776741463941 0.0044570452656733 2.9827369282677387 -0.0012834266801915 -0.0043757651502181 0.9999896026936014 0.2847697867179625
0.9973553741735142 -0.0725436874010627 0.0044352029791695 50.0890737376942070 0.0725261836743207 0.9973585362887459 0.0039878281819695 3.0383657488934892 -0.0047127793124899 -0.0036556135226678 0.9999822129422726 0.2847793919765427
0.9973407451271934 -0.0724465790390268 0.0079329247240010 51.0693877212332126 0.0724376829511823 0.9973719529164834 0.0014034330137170 3.1101703512614449 -0.0080137505450706 -0.0008250582416038 0.9999675490140164 0.2940933261639060
0.9972956718696870 -0.0730261636693496 0.0082778191407434 52.0294944062438276 0.0730164275261989 0.9973296507760910 0.0014727505394811 3.1720184715639239 -0.0083632637947655 -0.0008643509574032 0.9999646537333815 0.2975974348423274
0.9973037485424686 -0.0729918136382249 0.0075781452178697 52.9869843450741271 0.0730017195343257 0.9973312741636164 -0.0010385182757417 3.2421698141792721 -0.0074821178934921 0.0015889358011124 0.9999707461695306 0.3076347394872059
0.9972980896309306 -0.0731623111275169 0.0066179036693411 53.9374277548382182 0.0731887414499237 0.9973107014877738 -0.0038435430192548 3.3234626907075682 -0.0063189036606424 0.0043175141511130 0.9999707148352308 0.3107975036447099
0.9972152032670232 -0.0741810604856923 0.0076817080345222 54.8985831743218000 0.0742200455177210 0.9972297499157221 -0.0049204396524804 3.3873524158893296 -0.0072954243507153 0.0054768739481874 0.9999583894519305 0.3151644934906420
0.9971058599617134 -0.0750797026574933 0.0119558470580047 55.8526987399306662 0.0751826515161368 0.9971343397311077 -0.0084069875705366 3.4538773059040144 -0.0112903915350685 0.0092815288541495 0.9998931844357748 0.3155039698460789
0.9969693533694101 -0.0758674764867919 0.0172114628578308 56.8311752193208335 0.0760709258298144 0.9970362041956152 -0.0114900725234619 3.5199880414627915 -0.0162887287894202 0.0127645420883641 0.9997858489595155 0.3215377490886158
0.9968760219313658 -0.0765347748499548 0.0195096165252354 57.7721611173612288 0.0767386968693538 0.9970018268742225 -0.0099262083524618 3.5941083749305163 -0.0186914231959058 0.0113923416438314 0.9997603939198541 0.2995438395681079
0.9968486327557100 -0.0776960767983219 0.0160038440138892 58.7073582468514985 0.0778512926527318 0.9969214696211173 -0.0093144855343944 3.6659699769984884 -0.0152308767104964 0.0105310521136778 0.9998285439694191 0.3061887101859712
0.9968140288390801 -0.0793464462930864 0.0081199365921140 59.6239184166276814 0.0794073650657128 0.9968142100564100 -0.0074766973280879 3.7762031340229800 -0.0075008188167835 0.0080976595553021 0.9999390809578372 0.3098910711904124
0.9967784688425633 -0.0801525749951969 0.0028720678116202 60.5479181981004331 0.0801674196149229 0.9967662826175473 -0.0054920550871963 3.8447798890586071 -0.0024225779987599 0.0057046085260312 0.9999807940942689 0.3225812780144874
0.9966614236246318 -0.0815991047145661 0.0027554978322297 61.4560649579725791 0.0816028227715869 0.9966641257709904 -0.0012647991368262 3.9345220968284909 -0.0026430993608143 0.0014854329095593 0.9999954037468572 0.3132927445496335
0.9966005352979748 -0.0822233236060620 0.0051670203176446 62.3402515283707359 0.0822118353772912 0.9966119922422384 0.0023981332018432 4.0045085789660266 -0.0053466968950295 -0.0019651906089275 0.9999837752974712 0.3287835929918714
0.9965312030227427 -0.0829525154017496 0.0066664526224770 63.2351015144014852 0.0829354219285007 0.9965509861917600 0.0028013764067362 4.1113823529848830 -0.0068758411548560 -0.0022387739397129 0.9999738550080497 0.3323319218914827
0.9964248705894071 -0.0842231132977113 0.0066290615719080 64.0888416472248110 0.0841967076523511 0.9964404404819451 0.0041668924454120 4.1828896051464888 -0.0069564136872232 -0.0035938501065002 0.9999693458051723 0.3482174805217940
0.9963197533792332 -0.0854301512569073 0.0069741151815711 64.9460193713131844 0.0854017358234914 0.9963374230120897 0.0042758652881947 4.2726259735198369 -0.0073138597661207 -0.0036645275070778 0.9999665387869093 0.3441893122677940
0.9961610884648140 -0.0872399221162518 0.0072306166920443 65.8060172810111084 0.0872121623389304 0.9961814459146110 0.0040700805450153 4.3413837983687529 -0.0075580797008890 -0.0034238581491048 0.9999655757207894 0.3507258858172093
0.9960482422970843 -0.0884948438402949 0.0075207466763953 66.6435725045215150 0.0884528352436448 0.9960637895991068 0.0057465630447197 4.4246282230715472 -0.0079996846343660 -0.0050586226532661 0.9999552066880809 0.3631650749235585
0.9958994070712545 -0.0900989775021883 0.0081575270875468 67.4244754717898331 0.0900464055642826 0.9959157131730018 0.0065982649282932 4.4899971827122886 -0.0087187063304500 -0.0058366521372594 0.9999449573110272 0.3678190115044582
0.9957864491901002 -0.0910181174483194 0.0111825715081947 68.2420142727452372 0.0909252289322824 0.9958209948194129 0.0085527200636322 4.5804651359313917 -0.0119142919631839 -0.0074999048686470 0.9999008956261501 0.3505209758483196
0.9955887913478800 -0.0926122673192601 0.0150308510887843 69.0308125358296536 0.0924680473883061 0.9956652006227502 0.0100233966823866 4.6532184124652058 -0.0158939848578413 -0.0085893079374534 0.9998367891983643 0.3677474467090964
0.9954495639506814 -0.0938267821046743 0.0166343196518576 69.7894795542079294 0.0936287558754948 0.9955310712071389 0.0123102532213434 4.7306422410408091 -0.0177150135084681 -0.0106967855474700 0.9997858556087630 0.3690960476171523
0.9953583267032299 -0.0952995654826420 0.0134087389923878 70.5667146600677881 0.0951001952761902 0.9953577471396586 0.0147955421493742 4.8095342644447063 -0.0147565009733623 -0.0134516923798846 0.9998006289511625 0.3717413486717389
0.9952745472035012 -0.0969447872779807 0.0055030817268833 71.2869106586523884 0.0968578131188242 0.9951950669726460 0.0143297840580171 4.9005285691443792 -0.0068658376549854 -0.0137290528783868 0.9998821797493732 0.3703343601800589
0.9951744157272532 -0.0981216772168248 0.0001369017074831 71.9863964148617725 0.0981088346239011 0.9950648826630200 0.0148504498103716 4.9672247082642507 -0.0015933771243110 -0.0147653564463443 0.9998897166179639 0.3882392780334886
0.9951226561285602 -0.0986360361594953 -0.0013533773982433 72.6804287386008951 0.0986450002657693 0.9949908069215591 0.0162005575259366 5.0384844899649996 -0.0002513607083848 -0.0162550457497829 0.9998678464204491 0.3784258317459251
0.9950712691930624 -0.0991577933993509 0.0009493338082226 73.3629097144723943 0.0991241257462877 0.9949079858479805 0.0182347851906418 5.1178039197702825 -0.0027526208496514 -0.0180508089593334 0.9998332817897050 0.3928054837575242
0.9949221659661749 -0.1005587623815003 0.0042212530694122 74.0193360233347590 0.1004667443490932 0.9947744879425481 0.0181700693046319 5.1767509354849892 -0.0060263545422603 -0.0176537091553625 0.9998259996639359 0.4095642587502607
0.9948522465586970 -0.1013292586819698 0.0011784956835534 74.6479438597146867 0.1012987486763942 0.9947339631573858 0.0155854437792864 5.2416876998394910 -0.0027515511462495 -0.0153858336193729 0.9998778450841516 0.4168806751952714
0.9948696926710752 -0.1011230158974572 -0.0029034910647427 75.2369844949144948 0.1011468796948219 0.9948233118006452 0.0097921920935784 5.3012242895091015 0.0018982446000611 -0.0100356342001350 0.9999478399964867 0.4292363896456472
0.9949450605114851 -0.1001489422420439 -0.0073834904751708 75.8449233388767112 0.1001955786843878 0.9949481809090289 0.0062420603901983 5.3623696947030695 0.0067210546715410 -0.0069503002535126 0.9999532592828968 0.4395441175395415
0.9952446422464343 -0.0970801954011846 -0.0079710564315381 76.4313898487781529 0.0971403997278836 0.9952420635493284 0.0075483562966739 5.4382858677096308 0.0072003347473532 -0.0082867727700449 0.9999397404726865 0.4463778258596577
0.9956604947281057 -0.0928501961111899 -0.0062466246803728 76.9870689159810837 0.0929214133121128 0.9955976470559336 0.0122856064062055 5.5057329548719665 0.0050784038696596 -0.0128127381461679 0.9999050172668074 0.4488709363636759
0.9960944140082330 -0.0882545587691143 -0.0026554167401797 77.5466547532240753 0.0882782376367137 0.9960376359702383 0.0107694238738650 5.5486164994798308 0.0016944442602188 -0.0109617784728579 0.9999384822434633 0.4624887057807092
0.9965374428614922 -0.0831229256383645 0.0019246320160227 78.1045753935920715 0.0831045980741249 0.9965072209010336 0.0081844041344970 5.5874651425753203 -0.0025982213178100 -0.0079961193974045 0.9999646550356498 0.4714221041335040
0.9971923843420787 -0.0746712909490661 0.0056166643268020 78.6318535115646711 0.0746568372781162 0.9972055179422328 0.0027407358851520 5.6131322881174954 -0.0058056229458110 -0.0023137185574747 0.9999804705336239 0.4814249018142509
0.9979431450400198 -0.0638585494225244 0.0056182678189076 79.1221814526762444 0.0638329451882958 0.9979498829304824 0.0046245289083839 5.6645879426728563 -0.0059020654200028 -0.0042563863414236 0.9999735240490573 0.4907148270537418
0.9987798158929470 -0.0491016513790966 0.0052827262560769 79.6342777113675737 0.0490449740837469 0.9987427264043864 0.0103709677203981 5.6841336491220682 -0.0057853160653132 -0.0100992220580901 0.9999322656219499 0.4982401201443617
0.9995056352813623 -0.0308411703763562 0.0061079661604335 80.1414328968113523 0.0307361123816052 0.9993895850840804 0.0166056803875990 5.6979784120244856 -0.0066163763848325 -0.0164097359907563 0.9998434598117086 0.4993460147297735
0.9999350104479962 -0.0092110350610746 0.0067180141016199 80.5894293082152728 0.0091089087490354 0.9998448402631742 0.0150772404805811 5.7030734379305432 -0.0068558487270108 -0.0150150668400504 0.9998637632727877 0.4935004109884455
0.9998173346685010 0.0171586391110320 0.0084189310623198 81.0830203375245020 -0.0172410333423887 0.9998031986490865 0.0098138035614115 5.6930044271500719 -0.0082488826916966 -0.0099571619908834 0.9999164019353948 0.5107624929008406
0.9988645606065386 0.0464604717970459 0.0105363240602396 81.5301508511761597 -0.0465632060732966 0.9988680132900090 0.0097241897475364 5.6437180207317281 -0.0100726066379167 -0.0102037535478996 0.9998972077213995 0.5132393934063025
0.9967619804161812 0.0794776216224782 0.0122009039848080 81.9690825473159492 -0.0795966296620491 0.9967809370147996 0.0095989661078981 5.5977829004186681 -0.0113987255101140 -0.0105390353036773 0.9998794916346734 0.5082856198511686
0.9930430504258142 0.1169902562036500 0.0133708621411665 82.4354857238951411 -0.1171232691725183 0.9930706207227562 0.0096375347294641 5.5429413692708671 -0.0121507127089550 -0.0111365259719603 0.9998641597586846 0.5089730819526208
0.9872418658715331 0.1585823100607865 0.0143230306247861 82.8435579166440021 -0.1587304189424081 0.9872726467346391 0.0098678828503384 5.4816963533386058 -0.0125758646963780 -0.0120154877289670 0.9998487263990355 0.5160897061777383
0.9789024568167215 0.2038019156295593 0.0146546656020783 83.2679769806177035 -0.2039552428715510 0.9789306627119296 0.0098496958120038 5.3841082666355105 -0.0123385146348094 -0.0126307873113412 0.9998440999818433 0.5127840377264572
0.9675387074694600 0.2523025119011875 0.0145702449079546 83.6927747706130276 -0.2524586105477977 0.9675551844394074 0.0100804278034150 5.2532073648820479 -0.0115541987434032 -0.0134315878724587 0.9998430341501722 0.5100228487705672
0.9521708720231169 0.3052647569484577 0.0135668211433689 84.0557261113881538 -0.3054088198149363 0.9521666247366238 0.0102064448714060 5.1327067542709006 -0.0098022063835095 -0.0138617063474991 0.9998558745375009 0.5222733351553146
0.9327489584251624 0.3603116699249533 0.0124451224448052 84.4687022767582221 -0.3604394322112858 0.9327265970150462 0.0102230586390557 4.9350386186597230 -0.0079244093773999 -0.0140212601653041 0.9998702955880808 0.5186001741535329
0.9086295246645196 0.4174284751578171 0.0120770458038702 84.7989668080673766 -0.4175498950629066 0.9085954838023909 0.0103117383042294 4.7821984541425531 -0.0066687360785102 -0.0144123190819128 0.9998738985581114 0.5164090428657442
0.8800820101629983 0.4746879964096832 0.0112677172495961 85.1450576645687534 -0.4747965504291798 0.8800318381457307 0.0105924289187026 4.5531722174853435 -0.0048878510623375 -0.0146720794166000 0.9998804123481895 0.5031325860048083
0.8470770237214824 0.5313824165025368 0.0096562578196574 85.4877524334214627 -0.5314616290412241 0.8470264840966660 0.0097299586684049 4.2781340896884164 -0.0030087771608286 -0.0133739549410427 0.9999060378801757 0.5315468137286465
0.8106836727503520 0.5854232902785309 0.0084589559319811 85.7545324180898660 -0.5854830360299420 0.8106283563054030 0.0095541862428064 4.0506617130598048 -0.0012638263970040 -0.0126979979941590 0.9999185784801573 0.5261397042782409
0.7709994981001970 0.6367607081938202 0.0097762175583985 86.0789162324954162 -0.6368332955580365 0.7709483037191427 0.0090590651431121 3.7579369185660947 -0.0017685016073346 -0.0132103555244037 0.9999111755095969 0.5430203800275583
0.7284400383027930 0.6849992808912488 0.0122921021756830 86.2933485334114749 -0.6851040389760295 0.7283889491296367 0.0090550850109058 3.4918398659595087 -0.0027507046654602 -0.0150174553202457 0.9998834480375940 0.5386572810274827
0.6834914170826689 0.7298417524067883 0.0130575349171916 86.5333661720101475 -0.7299543223959327 0.6834389696608278 0.0088239426811930 3.1988540336109832 -0.0024839464205368 -0.0155624931400647 0.9998758116973554 0.5398330347238807
0.6367919161733151 0.7709560238510562 0.0110844388259977 86.7809779577682434 -0.7710253155535716 0.6367921545808314 0.0039641694991207 2.8698905906016008 -0.0040022833274128 -0.0110707340349301 0.9999307078873491 0.5375253231569964
0.5903314481807791 0.8071293570985220 0.0071401819662237 86.9420838401317440 -0.8071583728175794 0.5903287794625030 0.0027006163720808 2.5689738816134882 -0.0020353081490937 -0.0073575164313897 0.9999708618118330 0.5711342191868525
0.5433772467307612 0.8394480228477674 0.0082574010603550 87.1779459971245529 -0.8394869965295091 0.5433693312947648 0.0033693420936523 2.2357985561578388 -0.0016584309335836 -0.0087628046454398 0.9999602306399912 0.5563298112685986
0.4964298776372811 0.8680047060542613 0.0111895869758145 87.2890379004820289 -0.8680757599176510 0.4964082298215557 0.0048316052013769 1.9323726028891990 -0.0013607470105070 -0.0121119623961060 0.9999257216086046 0.5367011348957080
0.4509616536308489 0.8924648344177193 0.0118366499603297 87.4436196584697427 -0.8925432902249761 0.4509182778001254 0.0062595383330793 1.5860138890420978 0.0002490560269282 -0.0133875342584851 0.9999103519303985 0.5493665930641674
0.4077618610263745 0.9130679930799080 0.0060913631756047 87.6037594397892718 -0.9130867557068815 0.4077397772811129 0.0045662430323591 1.2154974543912536 0.0016855992969118 -0.0074238827966187 0.9999710219397522 0.5376360839403904
0.3686061672515839 0.9295702426856940 -0.0053532585737516 87.6804395272282164 -0.9295852867506562 0.3685947694244306 -0.0030150637889417 0.8717983405250267 -0.0008295304683380 0.0060876815135921 0.9999811258283784 0.5809384346602529
0.3333005891944723 0.9427741635815329 -0.0093591519786368 87.7814094160544727 -0.9428147304584876 0.3332470054285644 -0.0068423244138232 0.5002204962896425 -0.0033318573059641 0.0111044971086455 0.9999327921769826 0.5786605375228924
0.2995997966595897 0.9540375540332550 -0.0072323810585925 87.8971330325994842 -0.9540640285171286 0.2995802590164167 -0.0036739484651398 0.1333327751121903 -0.0013384062164876 0.0080008688216255 0.9999670968421405 0.5930491188527339
0.2686187466880913 0.9632456955483740 0.0013034321033579 87.9894515683968308 -0.9632407639963839 0.2686121783359530 0.0038377369994349 -0.2082259079295353 0.0033465659087564 -0.0022864070379626 0.9999917863860058 0.5690330016538538
0.2401005410145447 0.9707258997573245 0.0065542158078748 88.0920959442539839 -0.9707235271709169 0.2400410415770587 0.0087253742300985 -0.6027885721478810 0.0068966659609886 -0.0084572985600606 0.9999404532769381 0.5697905596925839
0.2139587729697535 0.9768289051123532 0.0051897597515222 88.1778014372173971 -0.9768089104860377 0.2139041713293106 0.0094529298633235 -1.0022277289825625 0.0081237838694466 -0.0070919408430945 0.9999418525647982 0.5850008239312048
0.1906203762286992 0.9816625736445517 -0.0015696088635364 88.2341324731157073 -0.9816103406183179 0.1906264373143519 0.0101341298604029 -1.4053163340792119 0.0102475049460442 -0.0003910273555670 0.9999474164874811 0.5945647783407471
0.1698150790341078 0.9854385153845273 -0.0085890237733176 88.2812180179130195 -0.9853351610906300 0.1699316869414201 0.0154221299354353 -1.7939945796641117 0.0166571081266225 0.0058441569094329 0.9998441811496809 0.6104943690232032
0.1503371133866217 0.9885685733675719 -0.0114423812461316 88.3535890034505513 -0.9883340634170600 0.1505667677381459 0.0229222063163717 -2.2435178136498810 0.0243830151560703 0.0078628368221005 0.9996717683164849 0.5964886850830559
0.1324078011044519 0.9911529862650670 -0.0091614422731042 88.4277900042705340 -0.9908818047867594 0.1325927206841517 0.0239252871269839 -2.6678573901486171 0.0249283603395410 0.0059100117947466 0.9996717704383614 0.5944782982127341
0.1170002580319237 0.9931117707863978 -0.0063206286054922 88.4612239311190791 -0.9929294031043464 0.1171025442276941 0.0194472256696743 -3.1130443292270771 0.0200534304125144 0.0040006075671387 0.9997909056736735 0.6088223138566391
0.1024328295278051 0.9947162175475548 -0.0068674582498551 88.5070282368296120 -0.9945988859383996 0.1025321170358889 0.0161313690129875 -3.5905678431644410 0.0167502694014759 0.0051779845523769 0.9998462966631187 0.6356121314395552
0.0888596257261965 0.9960172284270284 -0.0073244516751147 88.5503245965903716 -0.9959417685288828 0.0889535254196746 0.0136844442697804 -4.0772638860037720 0.0142814780524183 0.0060787327587344 0.9998795369406688 0.6361307840401605
0.0770452141053781 0.9969731997914967 -0.0104150794985532 88.5721371925003496 -0.9969395822794355 0.0771730099900939 0.0124818193214665 -4.5716426979226084 0.0132478023823312 0.0094215405626477 0.9998678564217699 0.6571229722594039
0.0669805068942660 0.9976537742999556 -0.0141618615033616 88.6042829530103688 -0.9976578198649668 0.0671646506648472 0.0129531526413708 -5.0758738342176111 0.0138739381023843 0.0132610831428755 0.9998158117950571 0.6644601508184114
0.0590229439180890 0.9981396182921592 -0.0152837981806007 88.6209762106060737 -0.9981563774950878 0.0592270751435516 0.0132664854360269 -5.6053220294590629 0.0141470193725157 0.0144725936004336 0.9997951819634612 0.6764720459026967
0.0532348294453090 0.9984212712109773 -0.0179169787460099 88.6585544940170109 -0.9984784346271592 0.0534791693803495 0.0134459669375572 -6.1687497756971919 0.0143829245435986 0.0171739231349159 0.9997490624380345 0.6788479946995123
0.0474231496313320 0.9986942191162640 -0.0189974098971509 88.6898161613844138 -0.9987595407521932 0.0476981224795479 0.0142922660342756 -6.7313693234808190 0.0151797442505713 0.0182960601136454 0.9997173748359108 0.6964410052285646
0.0413514070351634 0.9989489513900983 -0.0197750765570073 88.7115004938717391 -0.9990171921029373 0.0416541766842000 0.0151518793396938 -7.3122388552562976 0.0159596685108256 0.0191290899256787 0.9996896352866923 0.6958976882020135
0.0369497644821278 0.9990775649317509 -0.0218799943957579 88.7276547592701945 -0.9991932057219757 0.0372811217606556 0.0149350460096073 -7.9011554605650245 0.0157369801346128 0.0213104953088915 0.9996490435377471 0.7007489427060873
0.0337971493475377 0.9991536270381656 -0.0234474363728482 88.7473753744457241 -0.9993070925526444 0.0341497284516917 0.0148030679474471 -8.5138862194118179 0.0155912626160053 0.0229308879713424 0.9996154695215979 0.7182320544061097
0.0308845967903552 0.9992387049223015 -0.0238359448375528 88.7875243818165387 -0.9994017137311970 0.0312434957307173 0.0148343710911916 -9.1648157803853287 0.0155677959982688 0.0233635305492626 0.9996058168938544 0.7299693116461569
0.0280554737995780 0.9992590327046326 -0.0263491166471250 88.7945385285459707 -0.9994890081088909 0.0284463421338218 0.0145783499996231 -9.8416804752738596 0.0153170839061211 0.0259266499457250 0.9995464950482317 0.7477578012165471
0.0271540191992546 0.9991756899249744 -0.0301761479363754 88.7979745547899455 -0.9995178656862447 0.0275932447877204 0.0142354843998841 -10.5049115127479311 0.0150564077834293 0.0297750483632932 0.9994432205381267 0.7566098962611056
0.0282362714791783 0.9990005262049034 -0.0346505644294683 88.8112017213587421 -0.9994888561273175 0.0287359999732189 0.0140095960986031 -11.2192307153004514 0.0149913124929399 0.0342372742470214 0.9993012907035962 0.7699127222857194
0.0308238969866025 0.9988956178618277 -0.0354602875199440 88.8269881750203609 -0.9994146983791062 0.0313277371431079 0.0137416719977157 -11.9147073389359051 0.0148373865070566 0.0350159606740999 0.9992766055801117 0.7818958585384068
0.0346392271094141 0.9986789801732497 -0.0379528458139863 88.8619170980224169 -0.9992834229652247 0.0351899349231223 0.0139394787208974 -12.6557535806784731 0.0152566225674741 0.0374427969070716 0.9991823018987123 0.8049161434912796
0.0385912822286690 0.9985088214277222 -0.0386114810253216 88.9148184042449543 -0.9991422354343686 0.0391387952554261 0.0135258299991871 -13.3777547319983903 0.0150168674216789 0.0380563823421959 0.9991627522360230 0.8102005699545354
0.0430395535523149 0.9982226960705955 -0.0412194842224999 88.9027048059706004 -0.9989853393491326 0.0435467976416963 0.0114877404502265 -14.1498861321404217 0.0132622997823166 0.0406832332135077 0.9990840735092213 0.8130387497153738
0.0470890484528882 0.9981041338337032 -0.0396328088819725 88.9589857943846312 -0.9988157427615277 0.0475344854914085 0.0103723045079158 -14.9179588688158375 0.0122365651855166 0.0390974514916317 0.9991604754789494 0.8378404777820619
0.0512429011969613 0.9979641179405093 -0.0379708359157390 89.0231592474013098 -0.9986260283325775 0.0516201916825766 0.0090228236908622 -15.6984230628289048 0.0109645161143021 0.0374563094000940 0.9992381118995129 0.8359309635147021
0.0556253527571735 0.9979343060832624 -0.0321393975170307 89.0686488448994282 -0.9984106545206284 0.0558861524602161 0.0072734381749019 -16.5170444449723028 0.0090545607475266 0.0316837293466408 0.9994569306500196 0.8467342690673365
0.0593691512844878 0.9976318013616792 -0.0347288466208006 89.1082727741742673 -0.9981838245117358 0.0596861317661288 0.0081619947268245 -17.3069492690531739 0.0102154960175213 0.0341812022411121 0.9993634419241422 0.8607919542643584
0.0623777137357305 0.9975377366781953 -0.0320544026936586 89.1813814999790537 -0.9979611664687612 0.0627745813079538 0.0115265850068863 -18.1486282330356801 0.0135104052275692 0.0312700470827128 0.9994196581546871 0.8866561930956918
0.0639912340047478 0.9975697345609031 -0.0275635022926858 89.2374075929276245 -0.9977732100229020 0.0644760071265557 0.0170723714114512 -18.9696683079467832 0.0188080655875026 0.0264096420480406 0.9994742555342536 0.8975564697232514
0.0637882311911799 0.9976556197747720 -0.0247855985063231 89.2934032772337076 -0.9977371672546259 0.0642829667620110 0.0197039402909515 -19.7549566893002861 0.0212510385679328 0.0234726333437529 0.9994985887152087 0.9226838169498804
0.0643379260960647 0.9976774161044919 -0.0223697264337786 89.3638876153478208 -0.9977070568392579 0.0647793636784190 0.0196026216248074 -20.5708060050103789 0.0210061895355524 0.0210572419011586 0.9995575684095002 0.9444087873267394
0.0642664247644623 0.9977204978019987 -0.0205823932944119 89.4189565633229222 -0.9977458407833759 0.0646399128852865 0.0180255058641140 -21.3809638669724293 0.0193148607933981 0.0193775624864097 0.9996256530444869 0.9634692005519981
0.0641428409084313 0.9977157906294297 -0.0211871916234303 89.4771165842241913 -0.9977801198886268 0.0644989500965749 0.0165746128605542 -22.2386918384703840 0.0179033045897508 0.0200770158422962 0.9996381270838136 0.9948252490194702
0.0645129073719473 0.9977441834808294 -0.0185641889828794 89.5192196206624260 -0.9977651822560163 0.0648162872992663 0.0162323743906470 -23.0533345962850653 0.0173990189389434 0.0174755037384472 0.9996958942143604 1.0112074908600497
0.0646380492752422 0.9977499004470531 -0.0178061434282453 89.5929677623860243 -0.9977632295504120 0.0649230739713705 0.0159226952253727 -23.8556990397460709 0.0170428971429012 0.0167371032142316 0.9997146638081151 1.0380396418866153
0.0651378058140937 0.9977472345257188 -0.0160474998054589 89.6540351030259330 -0.9977221152146831 0.0654019908406984 0.0165275650236872 -24.6889215220999567 0.0175398707311207 0.0149343761287169 0.9997346234598368 1.0678537633561156
0.0640741074044854 0.9978551198373403 -0.0134040506834918 89.7097461055621466 -0.9977685675667743 0.0643096515681912 0.0179486570785945 -25.4643100288799928 0.0187721691891380 0.0122240962686399 0.9997490570810004 1.0823690260536620
0.0613720434669043 0.9980562305535030 -0.0108274158518846 89.7745088778295894 -0.9979514241973702 0.0615547392318886 0.0174347073544437 -26.2873020643709800 0.0180672970622975 0.0097352314521758 0.9997893768416602 1.1236707585188586
0.0576170817633306 0.9982993908611100 -0.0088655566894934 89.8235736172257049 -0.9981957581991792 0.0577568554297392 0.0164126160021559 -27.1230612826633575 0.0168967512334087 0.0079039140433803 0.9998259988320723 1.1347245565202180
0.0527506269314550 0.9985889760346549 -0.0061178673080031 89.8795717704247608 -0.9984940890288057 0.0528360518294357 0.0147616327556634 -27.9463582092831686 0.0150640476922488 0.0053299689621105 0.9998723247985157 1.1706810976469766
0.0461236941092912 0.9989174130835150 -0.0060503454654609 89.9394692175937962 -0.9988432217593060 0.0462010061340165 0.0133298678798812 -28.7773534476318460 0.0135949691872787 0.0054285238088688 0.9998928482302759 1.1797404317102633
0.0390969758578877 0.9992239315573941 -0.0047917722976375 89.9731638932774445 -0.9991492136032702 0.0391561434141133 0.0129477947504805 -29.6097744497024031 0.0131253736988674 0.0042814759041780 0.9999046922228874 1.2089801263685536
0.0302290886804517 0.9995331173261577 -0.0044440483574424 90.0216792819863372 -0.9994534073931005 0.0302856069174082 0.0132539980370319 -30.4075371104669685 0.0133824006766647 0.0040409629914336 0.9999022862111233 1.2242106429386452
0.0200553794783923 0.9997895047923261 -0.0043275698831499 90.0389872563588938 -0.9997091071927838 0.0201113913090458 0.0133128860665892 -31.2081517568239555 0.0133971172192091 0.0040593160421801 0.9999020148011927 1.2400808979654341
0.0101559315179285 0.9999325699779547 -0.0056313899071274 90.0346185208350249 -0.9998607539191720 0.0102294541766442 0.0131844999690231 -31.9843933007569667 0.0132412169829053 0.0054967048793697 0.9998972229225765 1.2671734924934877
-0.0005213701093731 0.9999903862787747 -0.0043537941196500 90.0573193385151853 -0.9999259856503879 -0.0004684049485799 0.0121574593523738 -32.8068701088233041 0.0121553031352380 0.0043598104123222 0.9999166168530550 1.2881566022515749
-0.0117374243915991 0.9999203925791151 -0.0046304830288008 90.0286720836608652 -0.9998667886382167 -0.0116840179431079 0.0113968725098326 -33.5927775033653759 0.0113418625874122 0.0047636361252357 0.9999243320991417 1.3094276737391342
-0.0230532083513986 0.9997234476646313 -0.0046451882900808 90.0222319128565118 -0.9996737618157705 -0.0230004577028573 0.0111062542094564 -34.3840204653896819 0.0109963412921297 0.0048997076445818 0.9999275340459350 1.3151967689505148
