1.0000000000000000 -0.0000000000000003 0.0000000000000010 0.0000000000000000 0.0000000000000003 1.0000000000000000 0.0000000000000003 0.0000000000000001 -0.0000000000000010 -0.0000000000000003 1.0000000000000000 -0.0000000000000002
0.9999959979446957 -0.0027575935332443 -0.0006322756498928 0.6998211316964524 0.0027565650520943 0.9999948855824815 -0.0016217761847026 0.0192981139473079 0.0006367446156904 0.0016200267853048 0.9999984850336071 0.0134250703916588
0.9999758697507946 -0.0067828132348855 -0.0015011198362246 1.4234535454403865 0.0067814271923883 0.9999765766371653 -0.0009265107930609 0.0194915750125768 0.0015073690246194 0.0009163087012481 0.9999984441072834 0.0160127088316518
0.9999389563213043 -0.0107871993087670 -0.0023916442322587 2.1378720016518793 0.0107850985556280 0.9999414434727477 -0.0008895362742084 0.0250533755878671 0.0024010997909603 0.0008636878548870 0.9999967443762421 0.0158263862487862
0.9998755693051395 -0.0155096553905007 -0.0028803639337748 2.8644862952057255 0.0155100829626024 0.9998797034688885 0.0001261644194644 0.0459319973612114 0.0028780606693168 -0.0001708234043134 0.9999958437844371 0.0128401276437923
0.9997939274526011 -0.0200697547904086 -0.0030508312893336 3.6084284222510905 0.0200678120454939 0.9997983993080447 -0.0006660786578321 0.0647885684395285 0.0030635842749684 0.0006047178884095 0.9999951243719469 0.0179690761985280
0.9996873679974664 -0.0246979845549094 -0.0038956161545594 4.3646198745795921 0.0246996245215907 0.9996948479929570 0.0003734231260050 0.0866143280298157 0.0038852046008727 -0.0004695266382832 0.9999923423356527 0.0261947747592462
0.9995533393886763 -0.0294925515569958 -0.0048281590284092 5.1583525812270770 0.0295096086125447 0.9995583670947782 0.0035005385807025 0.1180433828002483 0.0047227869399420 -0.0036414521112476 0.9999822173969102 0.0334679565301013
0.9994070713608746 -0.0341499000281842 -0.0043920430262875 5.9428740117600878 0.0341698973265690 0.9994056283463867 0.0045615947053453 0.1594778540019920 0.0042336545172546 -0.0047089656644666 0.9999799507049126 0.0360163756599026
0.9992687074781602 -0.0381693615186943 -0.0022693823349739 6.7544330897205427 0.0381827566567878 0.9992516283764644 0.0061854895580595 0.2012092989167416 0.0020315878065198 -0.0062676174292593 0.9999782945758097 0.0583229313430543
0.9991267396669536 -0.0417767931460147 0.0006764886683690 7.5502834938858507 0.0417735626760510 0.9991181135513982 0.0042384708144875 0.2296392232196807 -0.0008529618006520 -0.0042065101842647 0.9999907888216952 0.0413852937315237
0.9990233859130061 -0.0441813022143533 0.0005356617933944 8.3643576784424134 0.0441785516552135 0.9990141144910074 0.0043651599507851 0.2632723466535665 -0.0007279921431942 -0.0043372321118760 0.9999903291757611 0.0527564650652122
0.9989203006629297 -0.0464566560844419 -0.0001096764970979 9.1940708402768347 0.0464567284257025 0.9989125864674064 0.0039264463547460 0.3058936546153415 -0.0000728523345457 -0.0039273021844601 0.9999922854652876 0.0480034533166919
0.9988251697091121 -0.0484581542630421 -0.0002960421976842 10.0229881359130300 0.0484588162468228 0.9988208556160540 0.0029396452796704 0.3440996891095678 0.0001532433367485 -0.0029505375498103 0.9999956354127987 0.0663350147272352
0.9987146070027307 -0.0506863720841022 0.0001595127991721 10.8688907686198313 0.0506858037591531 0.9987114113528165 0.0025428588152061 0.3919753859073712 -0.0002881955408549 -0.0025315052078560 0.9999967542070888 0.0655564315675144
0.9986501775455738 -0.0519400475873469 0.0002331197500987 11.7450056921725228 0.0519401574262191 0.9986500774327224 -0.0004928388755642 0.4442068231465653 -0.0002072069818375 0.0005042819071029 0.9999998513825014 0.0713780151471923
0.9985588747377260 -0.0536373017266374 -0.0017926366090517 12.6042093090331946 0.0536399145682229 0.9985593013177919 0.0014426769690426 0.5061463275968610 0.0017126726599688 -0.0015367547653786 0.9999973525650709 0.0741830621986211
0.9984698451992197 -0.0551278246030305 -0.0043463987833485 13.4686321042767645 0.0551437855763228 0.9984717814602492 0.0036420516071086 0.5628990511712174 0.0041389781539548 -0.0038761555868954 0.9999839220096027 0.0884740725904676
0.9983753845825789 -0.0566497474212688 -0.0061153558109215 14.3610936685143002 0.0566915965406305 0.9983678831042289 0.0069016568775279 0.6074207335624298 0.0057143977164786 -0.0072371336236941 0.9999574838740148 0.0945287043458400
0.9982967009028172 -0.0580213921717083 -0.0061004112163003 15.2419995335177578 0.0580665245222644 0.9982845326052974 0.0075013792683946 0.6865927638729918 0.0056547056914042 -0.0078428318533463 0.9999532560535336 0.1021832349217029
0.9982190864248009 -0.0594503758829580 -0.0049303452831306 16.1362218692529247 0.0594862119101724 0.9982011648648105 0.0074716166332068 0.7300463857885721 0.0044772859875092 -0.0077515978940186 0.9999599325174362 0.1168807139952382
0.9981694853372456 -0.0603548659641620 -0.0038689399098868 17.0400605562620591 0.0603813335192762 0.9981498871175757 0.0071342420483861 0.7924881100163479 0.0034311957117320 -0.0073547944647738 0.9999670664048735 0.1289432321989366
0.9980869090923085 -0.0617328770220861 -0.0034020277979510 17.9451109894420426 0.0617563988784704 0.9980645010627828 0.0073074561826721 0.8627900379878959 0.0029443328828945 -0.0075035733403766 0.9999675131178014 0.1376417984829375
0.9979973173230927 -0.0631246839356165 -0.0040778540850067 18.8584946888437379 0.0631513536086977 0.9979809255185358 0.0067807697613164 0.9196316514856707 0.0036415866458612 -0.0070247120364662 0.9999686956437713 0.1374728539524625
0.9979164418161431 -0.0643793234002607 -0.0042518080310438 19.7726157587234326 0.0644082022526890 0.9978987634681866 0.0070456618738678 0.9713524357706643 0.0037892790323360 -0.0073048331390129 0.9999661398153571 0.1464372489243906
0.9978786776121632 -0.0650242075149983 -0.0031618355502707 20.7136249297186055 0.0650442253643959 0.9978598578376542 0.0067046896246032 1.0234824292255267 0.0027191016432253 -0.0068961259604960 0.9999725245890463 0.1638161583495537
0.9979006388107123 -0.0647632319382144 0.0001971042597731 21.6450456028746245 0.0647603409404279 0.9978770616001932 0.0068897150480871 1.1082716796544090 -0.0006428860332188 -0.0068624865086462 0.9999762462061121 0.1563483839322374
0.9979420950811864 -0.0639845499893111 0.0041895378787886 22.5647875606985124 0.0639553927490139 0.9979298722172324 0.0067585408793368 1.1612286277103621 -0.0046133071967774 -0.0064766889043424 0.9999683844490007 0.1590426721626564
0.9980061481245857 -0.0627488131239704 0.0068054946227687 23.5116388113811006 0.0627031214355403 0.9980095207171431 0.0067316506280585 1.2139554256364942 -0.0072143515139884 -0.0062915029580687 0.9999541840118282 0.1694284206574075
0.9981068716958698 -0.0610441552003575 0.0075022522857643 24.4664503379203495 0.0610068785211090 0.9981243100702785 0.0051012174861744 1.2734027249417699 -0.0077995798986385 -0.0046338712331334 0.9999588460485759 0.1670435606948580
0.9982061408620583 -0.0595928391868874 0.0057614115390715 25.3937073349491023 0.0595582597501379 0.9982068106897165 0.0059980653713911 1.3452324533356950 -0.0061085219825972 -0.0056441660420432 0.9999654140763460 0.1698700612271768
0.9982873727407082 -0.0584987580495895 0.0004655460340512 26.3725814308293316 0.0584913640749769 0.9982394646479227 0.0098352197777814 1.4041812064325629 -0.0010400745659452 -0.0097911452897175 0.9999515246844783 0.1845796917230303
0.9983506355729029 -0.0573487970444060 -0.0026690688901252 27.3121592429943547 0.0573728001071905 0.9983026472228627 0.0100093134472327 1.4619697015648392 0.0020905164531929 -0.0101459363975986 0.9999463434182730 0.1973675238211507
0.9983980246002615 -0.0565610851392267 -0.0014926895755058 28.2982863009573187 0.0565708085351050 0.9983698947151682 0.0075694747577555 1.5347909398339397 0.0010621186281076 -0.0076417913015829 0.9999702370219440 0.2020153430988037
0.9983850312973918 -0.0567017368780047 0.0034989021597624 29.2574241759728118 0.0566897925781194 0.9983859711727660 0.0034234460508104 1.5639059797616732 -0.0036873701680020 -0.0032195652548952 0.9999880187786320 0.1943190534498356
0.9983155521947474 -0.0575182242159494 0.0075968499485119 30.2214788455454588 0.0575327828681109 0.9983421500900301 -0.0017117970284168 1.6323690048506951 -0.0074857959862160 0.0021459815142386 0.9999696783511954 0.1878653310841091
0.9982566170371857 -0.0585124219993432 0.0077474520485336 31.2246814742378263 0.0585943514929672 0.9982233697255497 -0.0108076873977331 1.6776829930797923 -0.0071013037248212 0.0112428023881631 0.9999115815310214 0.1949712417529439
0.9982126006493172 -0.0596290401771121 0.0039976833895530 32.2020741480025663 0.0596677746975198 0.9981641727963918 -0.0103942680522011 1.7358491948086843 -0.0033705441063387 0.0106142222160336 0.9999379869367779 0.2107307026432355
0.9981265355801462 -0.0611834860920520 0.0000006315257955 33.1905995183604716 0.0611812789828708 0.9980904417745615 -0.0085041836927972 1.8095279361018510 0.0005196852848323 0.0084882900447847 0.9999638387758431 0.2275459541838359
0.9979959198547189 -0.0632626231997837 -0.0014087083501387 34.1644563461509421 0.0632522570597067 0.9979765674406510 -0.0064747831028204 1.8735377169301781 0.0018154696875304 0.0063727031358740 0.9999780461212915 0.2177971930001713
0.9979425491094362 -0.0641123893153518 0.0005198203894236 35.1809767135993141 0.0641142796697646 0.9978852803007257 -0.0106923571568390 1.9326154704917964 0.0001667914497320 0.0107036860669100 0.9999427000009518 0.2411244174624568
0.9978627362338686 -0.0652704485440168 0.0031190034818430 36.2047834895773804 0.0652993716050849 0.9978125137113737 -0.0103043461204882 2.0037569625612286 -0.0024396114112552 0.0104859919822896 0.9999420444547321 0.2231120644349907
0.9977882101192557 -0.0663469282347743 0.0040954683275245 37.2242571818426313 0.0663671611456589 0.9977826435945796 -0.0050195679971842 2.0891376821999113 -0.0037533542969165 0.0052802703739421 0.9999790153179715 0.2477892422501631
0.9976909034081526 -0.0676227899498507 0.0063260995900025 38.2079067876589846 0.0676695138661673 0.9976796858139344 -0.0074887520539671 2.1665823565904696 -0.0058050107442494 0.0078995438860466 0.9999519483738464 0.2391929122105485
0.9976642691148484 -0.0675554259388046 0.0101128906729020 39.1946437739843603 0.0676204931778172 0.9976916242792135 -0.0062363246783154 2.2222858063730797 -0.0096682487516694 0.0069055969569094 0.9999294163573470 0.2510106181440354
0.9976061472924201 -0.0681582353765244 0.0116803182633196 40.1966093196662513 0.0681851412728250 0.9976708365389685 -0.0019205283751289 2.3069891358472843 -0.0115222130677681 0.0027123550639741 0.9999299384137010 0.2405736164386804
0.9976093380280397 -0.0681425698348806 0.0114977761134360 41.2047592837317822 0.0681587320333653 0.9976739689486143 -0.0010192791194614 2.3721590910039976 -0.0114015756305951 0.0018005162087270 0.9999333788880747 0.2579120405152809
0.9976292124854537 -0.0680795751982661 0.0100561342710390 42.1984660460079084 0.0680900305970995 0.9976789347597458 -0.0007006211137258 2.4343098040709781 -0.0099850953395337 0.0013836825801406 0.9999491903559790 0.2534949781916339
0.9976418285843562 -0.0682456274003052 0.0073017942726816 43.2021764238313466 0.0682213561513067 0.9976639880393933 0.0035232845769166 2.5224246624912539 -0.0075251859603883 -0.0030168377603179 0.9999671345930272 0.2676374758746146
0.9975961274869170 -0.0689076208807510 0.0073284519280388 44.1643819684423917 0.0688845599238107 0.9976189985964119 0.0033542575326208 2.5963670365099052 -0.0075421367801062 -0.0028413771391505 0.9999675208469240 0.2607089509654241
0.9974912694573727 -0.0702446466771068 0.0087668106816287 45.1845395246625756 0.0702373896034674 0.9975296610474925 0.0011333279160787 2.6624008965340646 -0.0088247639067469 -0.0005147268042954 0.9999609285358639 0.2704945348716221
0.9974423076594363 -0.0708552167498416 0.0094011249513757 46.1882273286819185 0.0708572184094657 0.9974864611118274 0.0001204071268767 2.7466272473456117 -0.0093860263312909 0.0005460384014837 0.9999558011991192 0.2571201097091874
0.9974364338291649 -0.0711845380918907 0.0073021919176385 47.1514220980909897 0.0711760315261247 0.9974627612696192 0.0014185966934922 2.8235143667442433 -0.0073846466638533 -0.0008952189848591 0.9999723324055617 0.2731268034853441
0.9973954484148165 -0.0721049168284883 0.0017889803139766 48.1512463668599437 0.0720963083239755 0.9973875997985495 0.0044830897986327 2.8917900353009114 -0.0021075595985090 -0.0043424344836892 0.9999883506597932 0.2756887777321694
0.9973679811822289 -0.0725006562133370 0.0008746205580075 49.1333482820854002 0.0724959639577489 0.9973583254061779 0.0045503794151006 2.9917289460012646 -0.0012022155887146 -0.0044749962704021 0.9999892644854035 0.2869873243956639
0.9973368929314530 -0.0728027273955901 0.0043456738946775 50.0818532189957324 0.0727851070072252 0.9973392849824517 0.0040839721642845 3.0476229063698614 -0.0046314356070522 -0.0037567957697034 0.9999822179867812 0.2870863585095804
0.9973226829406295 -0.0727044638453184 0.0078439166918900 51.0620921189996935 0.0726948645344850 0.9973530966600410 0.0015024157013687 3.1196797953882731 -0.0079323869306407 -0.0009281807968444 0.9999681073504250 0.2964927414461919
0.9972775947912592 -0.0732826246492274 0.0081887637578200 52.0221269111317142 0.0732721381014202 0.9973107424758063 0.0015737599570090 3.1817730464864331 -0.0082820713234879 -0.0009694673157618 0.9999652331094898 0.3000884851270513
0.9972857003091592 -0.0732470780200262 0.0074898277949504 52.9795423289948175 0.0732560904271850 0.9973127240768822 -0.0009357401737238 3.2521681429442832 -0.0074011603275375 0.0014818757966904 0.9999715130292108 0.3102162813809254
0.9972799941784389 -0.0734163851391016 0.0065305133458166 53.9299090770481655 0.0734417900153056 0.9972924962006088 -0.0037390508563594 3.3337009391382173 -0.0062383243583957 0.0042084932060986 0.9999716855462127 0.3134675619674911
0.9971970359228692 -0.0744337872246963 0.0075949237015578 54.8909922716186713 0.0744715310333007 0.9972115218166604 -0.0048137118376942 3.3978320811413587 -0.0072154426198240 0.0053658247724716 0.9999595718389375 0.3179254397892026
0.9970895013554307 -0.0753115642957210 0.0118614741963240 55.8453150553108770 0.0754124118616885 0.9971179108616653 -0.0082969859630559 3.4643535079385752 -0.0112024293785608 0.0091673399740364 0.9998952272382436 0.3184868672347840
0.9969534106406777 -0.0760977493870507 0.0171181059158390 56.8237175602230806 0.0762981884829954 0.9970201366560094 -0.0113768860698166 3.5306710571048288 -0.0162013408745559 0.0126483058414126 0.9997887461425081 0.3246226202172584
0.9968602829984424 -0.0767631584744105 0.0194163251234077 57.7646302316129336 0.0769638936505417 0.9969856131519702 -0.0098105169149303 3.6049838891947683 -0.0186047105436620 0.0112740706500607 0.9997633520371528 0.3027258008623477
0.9968324255149525 -0.0779227587440718 0.0159109745675658 58.6997522757331183 0.0780752426494615 0.9969050410992276 -0.0091975820830856 3.6770389209900420 -0.0151450297855188 0.0104107012569072 0.9998311084238853 0.3094668700118756
0.9967948950735038 -0.0795948090174763 0.0080376322927773 59.6158972432183702 0.0796541935112673 0.9967953869545876 -0.0073597555749904 3.7877541340695196 -0.0074260764520710 0.0079763979041605 0.9999406134691212 0.3130962058747856
0.9967607440892351 -0.0803759367185457 0.0027798991511898 60.5401735692887328 0.0803899776329136 0.9967490011052692 -0.0053740386886961 3.8562174591898715 -0.0023389183085562 0.0055801068326950 0.9999816957669183 0.3260383189601375
0.9966434886131823 -0.0818209214798107 0.0026633462298573 61.4482624602206400 0.0818241967785064 0.9966461209049303 -0.0011447736489060 3.9461335266609878 -0.0025607472537747 0.0013588573691193 0.9999957980312481 0.3168343676828513
0.9965827840922701 -0.0824439058719563 0.0050751192572963 62.3323933586346541 0.0824319560465000 0.9965935071565517 0.0025207371445782 4.0162904521962259 -0.0052656503157422 -0.0020937712339604 0.9999839443954949 0.3324088845295808
0.9965134815482966 -0.0831723650208440 0.0065756208324539 63.2271806726371679 0.0831546306446877 0.9965323596246549 0.0029263669050745 4.1233348071606244 -0.0067962118005761 -0.0023693707512813 0.9999740984582574 0.3360362925057432
0.9964069104036138 -0.0844423354476772 0.0065391806877245 64.0808649099530498 0.0844153832193881 0.9964213993736003 0.0042939429758576 4.1950044679623284 -0.0068783701447799 -0.0037265070103285 0.9999694001166503 0.3520003372964511
0.9963015738923326 -0.0856490693472627 0.0068855486062194 64.9379845483955904 0.0856200481294685 0.9963181232510397 0.0044050697875758 4.2849011170266236 -0.0072374869926179 -0.0037992369594050 0.9999665917322228 0.3480474559802305
0.9961425271070440 -0.0874587660293860 0.0071435238789666 65.7979280827426294 0.0874303268805273 0.9961617769853993 0.0042014300964878 4.3538209424882819 -0.0074835573330065 -0.0035606625659621 0.9999656584361960 0.3546609095832891
0.9960294219116048 -0.0887136650600115 0.0074348045068063 66.6354252498536823 0.0886710372025627 0.9960436094127645 0.0058800773306163 4.4372231519671486 -0.0079270327270729 -0.0051974781973925 0.9999550731770560 0.3671717927613963
0.9958772659008428 -0.0903497998057976 0.0080860952822925 67.4158376969146076 0.0902964744349115 0.9958921630507530 0.0067339645616681 4.5032309457222981 -0.0086612912713628 -0.0059760563204114 0.9999446328594238 0.3716444593485923
0.9957641521907715 -0.0912702659441995 0.0111126849262055 68.2333065977359610 0.0911762674481300 0.9957968413495980 0.0086913182193850 4.5938734445078975 -0.0118592354737177 -0.0076412899852476 0.9999004796585209 0.3544019532976142
0.9955661945603813 -0.0928659320650159 0.0149623163399537 69.0220293200608381 0.0927200757277676 0.9956403254742151 0.0101651289532439 4.6668002230241434 -0.0158410796853638 -0.0087327516450932 0.9998363862368218 0.3716666190546817
0.9954265927555080 -0.0940820751809072 0.0165668815657631 69.7806209135741398 0.0938822428045747 0.9955054035678383 0.0124545555207005 4.7443906017912569 -0.0176641705478289 -0.0108422597685836 0.9997851881689225 0.3730492092811967
0.9953345740525563 -0.0955566270569135 0.0133422906999579 70.5577796974827862 0.0953560092427096 0.9953310969691221 0.0149411815981263 4.8234537118465095 -0.0147077257562318 -0.0135992070265088 0.9997993520558661 0.3757280926971102
0.9952496266207941 -0.0972039360828732 0.0054383380886635 71.2778962934662417 0.0971168372833511 0.9951677139999198 0.0144755286001203 4.9146054479705494 -0.0068191368404659 -0.0138786102391598 0.9998804346273511 0.3743479161753966
0.9951486179536196 -0.0983830410742455 0.0000735797804275 71.9773076205750613 0.0983708790455208 0.9950368145832604 0.0149969256786068 4.9814579304878031 -0.0015486577453601 -0.0149169317549380 0.9998875370791488 0.3922805294286930
0.9951001526535803 -0.0988617169568150 -0.0014307722291472 72.6718104159839555 0.0988718819692490 0.9949658578186024 0.0163490896123213 5.0521863533800424 -0.0001927295514384 -0.0164104447119331 0.9998653210106232 0.3828224904007575
0.9950486491392097 -0.0993852319680018 0.0008726470652653 73.3542411379278718 0.0993525050040818 0.9948824228032193 0.0183859877790250 5.1316240667858448 -0.0026954768869225 -0.0182082526306902 0.9998305826191201 0.3972408204554470
0.9948992521075223 -0.1007883469702587 0.0041457533568261 74.0106215717688514 0.1006967087458615 0.9947484088921956 0.0183241876817591 5.1906850608401447 -0.0059708461413795 -0.0178132569017555 0.9998235028618341 0.4140384691441943
0.9948286626961165 -0.1015613674718634 0.0011047694336968 74.6391827111705766 0.1015315459216474 0.9947077788466284 0.0157410255309944 5.2557293406050265 -0.0026976028278674 -0.0155474544299744 0.9998754920487505 0.4213899371458862
0.9948455594037557 -0.1013580991973519 -0.0029746700200147 75.2281774183101248 0.1013829737835791 0.9947977233275351 0.0099489843276034 5.3153664555308593 0.0019507848231712 -0.0101992837715477 0.9999460830710429 0.4337778664195300
0.9949205476164807 -0.1003870626865070 -0.0074526220685952 75.8360699545275310 0.1004352512425656 0.9949230126429923 0.0063999391586893 5.3766180888013233 0.0067723141070632 -0.0071159369423506 0.9999517484374273 0.4441180088314357
0.9952205455029527 -0.0973213004796169 -0.0080392960986246 76.4224866912199445 0.0973832306165122 0.9952171066902100 0.0077082388298663 5.4526365101670144 0.0072506691757690 -0.0084542902790934 0.9999379744626066 0.4509794445871869
0.9956372708556792 -0.0930942957109729 -0.0063148229692428 76.9781181104555259 0.0931672059815151 0.9955726581661266 0.0124480537286217 5.5201794468843657 0.0051280222944991 -0.0129820806541420 0.9999025797392647 0.4534987248370981
0.9960683694761658 -0.0885465554437576 -0.0027038580099281 77.5370117551660485 0.0885710349497765 0.9960098423341339 0.0109346120854477 5.5640496531251040 0.0017248469548822 -0.0111311047331029 0.9999365596928652 0.4667335206598177
0.9965127473742353 -0.0834195156292290 0.0018784921714824 78.0948771945574407 0.0834011158170910 0.9964810479902854 0.0083531357373672 5.6030257810367372 -0.0025686963848767 -0.0081673378996784 0.9999633475235554 0.4756853211519876
0.9971699907986820 -0.0749729499479016 0.0055737085200007 78.6221335772539902 0.0749576070207326 0.9971824672303083 0.0029127647004821 5.6288167803973197 -0.0057763829756962 -0.0024867296966881 0.9999802245920335 0.4857023634196933
0.9979237148257222 -0.0641651349745203 0.0055762749333519 79.1124319075581326 0.0641386893274060 0.9979294566765563 0.0047987528166800 5.6803874426024290 -0.0058726416367106 -0.0044311342717972 0.9999729381984654 0.4949996984968828
0.9987646728822996 -0.0494132156918651 0.0052404501049177 79.6245082023519331 0.0493559398084857 0.9987255609698704 0.0105472778971047 5.7000569124689422 -0.0057549463884603 -0.0102756012187527 0.9999306439006953 0.5025379136907422
0.9994960740570050 -0.0311578504653234 0.0060651709798268 80.1316453692683268 0.0310522812636899 0.9993768251276433 0.0167844340420738 5.7140253318062308 -0.0065843582037036 -0.0165876385351436 0.9998407355548546 0.5036567054568901
0.9999322645670390 -0.0095332281153883 0.0066771131136923 80.5796267337805432 0.0094304510699978 0.9998391110433139 0.0152583950903160 5.7192266104381320 -0.0068215006010005 -0.0151943933678107 0.9998612891495173 0.4978225326932542
0.9998232247649121 0.0168307949139194 0.0083811433144575 81.0732067393395539 -0.0169143283487102 0.9998069567364244 0.0099977376421662 5.7092850661746217 -0.0082112555193411 -0.0101377316997025 0.9999148972181487 0.5150997212791953
0.9988803846051638 0.0461273026886743 0.0104999617955265 81.5203396956548119 -0.0462315403184981 0.9988815824313847 0.0099110523735842 5.6601109351933481 -0.0100310483409849 -0.0103853852138603 0.9998957554881112 0.5175965269364075
0.9967893203923227 0.0791393720448724 0.0121659584149660 81.9592732423670469 -0.0792601603159137 0.9968059037307549 0.0097886298432650 5.6142865129618356 -0.0113524331536053 -0.0107214775034071 0.9998780786584117 0.5126612310996805
0.9930838402051955 0.1166473485970838 0.0133372556611957 82.4256813724751964 -0.1167823072105683 0.9931088896524513 0.0098298532975732 5.5595685893437867 -0.0120987208364407 -0.0113194239493794 0.9998627363771370 0.5133691637318875
0.9872980001636114 0.1582353798490930 0.0142906765741502 82.8337608677787500 -0.1583855325317691 0.9873260672759552 0.0100628009035241 5.4984310084160484 -0.0125172663773534 -0.0121984196275300 0.9998472466337190 0.5205051594741875
0.9789757526816172 0.2034517759617096 0.0146236288070858 83.2582007011741325 -0.2036071271309009 0.9790011212256802 0.0100470105186648 5.4009566398578350 -0.0122724668653969 -0.0128132547343494 0.9998425911413008 0.5172258010811720
0.9676309553453477 0.2519502145732401 0.0145404138162565 83.6830317788619737 -0.2521082031486396 0.9676444468456448 0.0102799997057564 5.2701723545112351 -0.0114799025524601 -0.0136130035364850 0.9998414364148456 0.5144969623957280
0.9522843681409999 0.3049117887519120 0.0135382153331200 84.0460130665065179 -0.3050574216272556 0.9522770837118146 0.0104079463609467 5.1497714650518871 -0.0097186266739359 -0.0140412576869357 0.9998541850580722 0.5267758757977268
0.9328852493789468 0.3599595959351745 0.0124177608837545 84.4590490114610759 -0.3600885835226467 0.9328598508490864 0.0104264418894558 4.9522209062923075 -0.0078309327563287 -0.0141981677693341 0.9998685356206384 0.5231473228581104
0.9087902297076057 0.4170792425607043 0.0120508843238316 84.7893576869095682 -0.4172016570054407 0.9087530820517408 0.0105172835550260 4.7994701423326198 -0.0065647376118046 -0.0145856534461556 0.9998720732841961 0.5209898449399643
0.8802686222903635 0.4743424162023213 0.0112438784398041 85.1354868295969851 -0.4744516391515932 0.8802153221113854 0.0107994827059645 4.5706132108367239 -0.0047743813621911 -0.0148411223192143 0.9998784658001764 0.5077321248004001
0.8472902696516544 0.5310427139083800 0.0096350899554335 85.4782390110144519 -0.5311222764338435 0.8472368961335669 0.0099382747844622 4.2957543548214492 -0.0028855552947012 -0.0135380144327740 0.9999041932784657 0.5361738689354363
0.8109234277759659 0.5850914108564153 0.0084400963339985 85.7450602610641397 -0.5851511900515317 0.8108654323305150 0.0097639865179786 4.0684267630207209 -0.0011309577153917 -0.0128565778299063 0.9999167112020628 0.5307829163511495
0.7712655938918838 0.6364386317479169 0.0097596976100282 86.0695136056835963 -0.6365113821286232 0.7712115794139762 0.0092714722946301 3.7758771601452832 -0.0016260686669495 -0.0133629262004864 0.9999093899469345 0.5476938813546733
0.7287320553236144 0.6846888716927836 0.0122776432544514 86.2840070632140339 -0.6847940108849567 0.7286777177570313 0.0092707227602869 3.5099076562145122 -0.0025988843595712 -0.0151635294198697 0.9998816495843987 0.5433539967375852
0.6838087024082007 0.7295447090633592 0.0130451519144605 86.5240994793502693 -0.7296576336298327 0.6837528620211857 0.0090421990439521 3.2170632365201541 -0.0023229714862005 -0.0157016290714085 0.9998740233889358 0.5445589871345294
0.6371336176903748 0.7706737787459698 0.0110760986896658 86.7718041841239938 -0.7707438391110132 0.6371314062512333 0.0041839742760365 2.8882457987108432 -0.0038324510684352 -0.0112025854932601 0.9999299047418645 0.5422883722772054
0.5906960829586392 0.8068625900919724 0.0071343035675527 86.9329931175801818 -0.8068919929651204 0.5906917797460947 0.0029211349108357 2.5874465694451749 -0.0018572199914016 -0.0074821153736651 0.9999702839001960 0.5759280446967703
0.5437637594385043 0.8391977487343995 0.0082530261371185 87.1689557670479189 -0.8392370379687121 0.5437538825817525 0.0035929484789386 2.2544134489623238 -0.0014724207302630 -0.0088799603819702 0.9999594883198057 0.5611621739336486
0.4968371702079759 0.8677716827543142 0.0111862822008258 87.2801373493611550 -0.8678429950002374 0.4968127813561866 0.0050592796075898 1.9510731899951870 -0.0011671883946247 -0.0122215748116083 0.9999246325500616 0.5415655597742969
0.4513891670502389 0.8922487126058357 0.0118344718057118 87.4347977288574327 -0.8923270799665476 0.4513427260369722 0.0064904554454153 1.6048138060491386 0.0004496977493997 -0.0134899409466199 0.9999089054834900 0.5542710910672396
0.4082084102863376 0.9128684376614885 0.0060917397329639 87.5950310970699775 -0.9128868006229590 0.4081846073997870 0.0047974503915610 1.2343954224133169 0.0018928866524212 -0.0075194283928198 0.9999699371364953 0.5425867835602809
0.3690703851220537 0.9293860644153832 -0.0053473447938506 87.6717955149767079 -0.9294012433619488 0.3690603808229012 -0.0027864213821656 0.8907676742202658 -0.0006161680961639 0.0059982145127180 0.9999818207145251 0.5859302531385326
0.3337814121005703 0.9426041352803968 -0.0093494966947553 87.7728670824082684 -0.9426453624039798 0.3337304221351802 -0.0066125698290848 0.5192637151617224 -0.0031128241870335 0.0110204125952880 0.9999344282660789 0.5837007368245721
0.3000967686027330 0.9538814202376941 -0.0072225756844421 87.8886940274906294 -0.9539081134118489 0.3000791208542978 -0.0034398247570473 0.1524623796850743 -0.0011138407629301 0.0079219538392700 0.9999680004910774 0.5981375252125645
0.2691312463196721 0.9631026187983805 0.0013106937556399 87.9811329347054993 -0.9630968694402223 0.2691240873217593 0.0040799139296382 -0.1890418392390537 0.0035766365293616 -0.0023603573736122 0.9999908181499496 0.5741893846798458
0.2406280607415000 0.9705952299781041 0.0065601774013143 88.0839298731719538 -0.9705911965890671 0.2405664059394189 0.0089740424109757 -0.5835376119649754 0.0071320044579551 -0.0085266568561432 0.9999382134088433 0.5750287148911503
0.2145009025649857 0.9767099661546702 0.0051966155283071 88.1697952046594793 -0.9766879762898376 0.2144444396122003 0.0097046014998394 -0.9829143702319627 0.0083641956976049 -0.0071571176846477 0.9999394061125806 0.5903234201073573
0.1911767644928922 0.9815543822606283 -0.0015618524212129 88.2262926722442558 -0.9814995394699033 0.1911826086609661 0.0103857674707052 -1.3859572334679573 0.0104927945942415 -0.0004525599896845 0.9999448467045864 0.5999744345322260
0.1703854999317437 0.9853401000053151 -0.0085830492557020 88.2735413263862512 -0.9852324249146508 0.1705034080884339 0.0156734401784115 -1.7745926701620813 0.0169071082627114 0.0057857714909083 0.9998403245210947 0.6159889980033606
0.1509213023626479 0.9884795868360093 -0.0114397072372703 88.3460991680075125 -0.9882387054727316 0.1511527371821682 0.0231756563643354 -2.2240700756272083 0.0246378062891476 0.0078074612295324 0.9996659552322504 0.6020981524577423
0.1330057543758313 0.9910729509555679 -0.0091583397588369 88.4204777287161505 -0.9907951557069302 0.1331919529781848 0.0241839428037800 -2.6483588074573858 0.0251878687188002 0.0058574351109751 0.9996655749416028 0.6001977095912832
0.1176119502986372 0.9930395590294709 -0.0063137429077299 88.4541073094200812 -0.9928517647998052 0.1177150343997164 0.0197115146598689 -3.0935142490198007 0.0203175362892136 0.0039503011059445 0.9997857734736522 0.6146594864807849
0.1030584377170060 0.9946516649484870 -0.0068573924004162 88.5001330613430213 -0.9945296955696225 0.1031588606588483 0.0163992102786314 -3.5709948196829200 0.0170189025945986 0.0051298033852789 0.9998420085552037 0.6415772248749591
0.0894993436212185 0.9959600427746748 -0.0073116815876605 88.5436623451537343 -0.9958805308941440 0.0895946532800918 0.0139558693608946 -4.0576559391449738 0.0145545758223752 0.0060325201937847 0.9998758788083361 0.6422281771247915
0.0776992360697316 0.9969225955625595 -0.0104003447533895 88.5657197403963892 -0.9968850966013242 0.0778293800458802 0.0127550686333812 -4.5520073803366623 0.0135252685129887 0.0093768895953391 0.9998645613547709 0.6633571208258116
0.0676490755644861 0.9976088843793844 -0.0141462497712572 88.5981232509068946 -0.9976087505272382 0.0678366370690131 0.0132276809248682 -5.0562078056844371 0.0141556860220046 0.0132175821725208 0.9998124384477116 0.6708355010443849
0.0597063065366380 0.9980992281498773 -0.0152672108249219 88.6150983724807730 -0.9981116403688470 0.0599142216287102 0.0135439804649672 -5.5856338189602823 0.0144329595011774 0.0144297197909523 0.9997917147420217 0.6829980860997856
0.0539332846365198 0.9983841017402794 -0.0178993351991518 88.6529891908417085 -0.9984367305049068 0.0541821994258225 0.0137253212732006 -6.1490275637150393 0.0146729678997912 0.0171311020554973 0.9997455823135083 0.6855360366048336
0.0481371027827442 0.9986604076921400 -0.0189791844886058 88.6845716212139479 -0.9987208709154017 0.0484170003935784 0.0145745007073994 -6.7116125092015970 0.0154738920012155 0.0182533334231652 0.9997136462434018 0.7032931525209170
0.0420808820132370 0.9989188596969625 -0.0197562929394333 88.7066415322169348 -0.9989819220838179 0.0423888490517340 0.0154371249198381 -7.2924479658264945 0.0162578817411557 0.0190865716615107 0.9996856426214696 0.7029266991745696
0.0376948487441144 0.9990501709853821 -0.0218598772237550 88.7231963011808062 -0.9991605694352272 0.0380320869955221 0.0152222483437144 -7.8813325748276375 0.0160391665628551 0.0212677270258095 0.9996451515028344 0.7079596172164387
0.0345579789761560 0.9991281032706687 -0.0234260398667790 88.7433446814350191 -0.9992762484598168 0.0349169698039488 0.0150925307283151 -8.4940245606997262 0.0158973379267901 0.0228875178747389 0.9996116426754817 0.7256337501048271
0.0316613478382751 0.9992149326300366 -0.0238133882976549 88.7839599398849657 -0.9993725317230306 0.0320268479113810 0.0151269246828670 -9.1449011761948125 0.0158777167931543 0.0233195073278234 0.9996019701298232 0.7375754029296272
0.0288483328405915 0.9992370884954651 -0.0263251717454053 88.7914710226300343 -0.9994615807507334 0.0292466271006195 0.0148722360955942 -9.8217360799894546 0.0156308123769764 0.0258819585492277 0.9995427964455008 0.7555798900545551
0.0279631342247397 0.9991541403365489 -0.0301507375143826 88.7954037393968747 -0.9994907246596081 0.0284110001690485 0.0145295006385560 -10.4849427939620838 0.0153738233286538 0.0297290921106976 0.9994397563828112 0.7646463294953818
0.0290618090730084 0.9989777803105758 -0.0346237736123533 88.8091798618453936 -0.9994603270465995 0.0295715784119417 0.0143030210141533 -11.1992282173489315 0.0153122798207495 0.0341894164323095 0.9992980625872889 0.7781818512399494
0.0316660151652425 0.9988702778563933 -0.0354320687886827 88.8255114268149413 -0.9993835018332048 0.0321802231013877 0.0140374322703758 -11.8946691057833913 0.0151617857508641 0.0349657154400740 0.9992734955939784 0.7903940966634205
0.0354981081476310 0.9986499316029250 -0.0379235866897139 88.8610358526433117 -0.9992482239106252 0.0360599861024729 0.0142360252089722 -12.6356595625892343 0.0155843296102247 0.0373897246815567 0.9991792317491578 0.8136600533200269
0.0394670880253752 0.9984757796329339 -0.0385806486363698 88.9145280843140995 -0.9991029943929896 0.0400260587037045 0.0138246598370537 -13.3575946617904755 0.0153478193161086 0.0380004225115110 0.9991598532423062 0.8191857175516116
0.0439324261450666 0.9981851966369121 -0.0411856182172529 88.9030615602180490 -0.9989419800430878 0.0444520721478096 0.0117870178315452 -14.1297168177889940 0.0135964127843892 0.0406242107208863 0.9990819841548048 0.8222870791374417
0.0479992139920370 0.9980622122581082 -0.0395966654984737 88.9600002865115016 -0.9987682289895916 0.0484567130351403 0.0106757539698758 -14.8977120204656988 0.0125737908819055 0.0390354636744775 0.9991587122967885 0.8473502799083619
0.0521705372991471 0.9979175248775027 -0.0379321576011336 89.0248550134557064 -0.9985742019766264 0.0525595333256514 0.0093305199926841 -15.6780994818400483 0.0113047859184700 0.0373912957645048 0.9992367551368339 0.8457086343368324
0.0565706251105582 0.9978825075577509 -0.0320977489063647 89.0710757371064545 -0.9983543688819225 0.0568414941522762 0.0075893792180300 -16.4966559517767024 0.0093977927716568 0.0316155919253791 0.9994559199075409 0.8567963307045671
0.0603324134703098 0.9975754766716461 -0.0346867154424526 89.1114184814620103 -0.9981224630766140 0.0606602870568913 0.0084781056875443 -17.2864994344103486 0.0105616564383244 0.0341100852756725 0.9993622734002746 0.8711314026139824
0.0633591663037419 0.9974771702377040 -0.0320142296467940 89.1853297009361086 -0.9978945492943733 0.0637659396437992 0.0118479293517274 -18.1280639130685408 0.0138594564783375 0.0311961503382430 0.9994171880001859 0.8972936481397434
0.0649910874678503 0.9975060853485851 -0.0275275905645140 89.2421526475623921 -0.9977018854269382 0.0654840441659382 0.0174007981198002 -18.9490101511810813 0.0191600199707314 0.0263334322148620 0.9994695813192648 0.9084881335564305
0.0648065582550565 0.9975908426334665 -0.0247511757495369 89.2989252108953906 -0.9976639172148027 0.0653084620236719 0.0200377911885994 -19.7341986013642732 0.0216059782178282 0.0233947746719884 0.9994928044880051 0.9338994643491449
0.0653746497579855 0.9976108187160713 -0.0223340446330509 89.3702318710311232 -0.9976320636182192 0.0658224844878844 0.0199415690630359 -20.5499332965581054 0.0213640073458691 0.0209774859430914 0.9995516616331710 0.9559209448965569
0.0653215994893652 0.9976527639798347 -0.0205438838476900 89.4261321786548962 -0.9976702668535997 0.0657010021602781 0.0183689126352817 -21.3599921244540027 0.0196755502189505 0.0192961353263172 0.9996201938161564 0.9752790360373537
0.0652165305840163 0.9976470584027972 -0.0211459452101366 89.4851951072128742 -0.9977039276636877 0.0655788794389163 0.0169199082736134 -22.2175683615556885 0.0182668241091730 0.0199939348749096 0.9996332155871884 1.0069418862721804
0.0656051171966612 0.9976737581368700 -0.0185213639526602 89.5281698358407851 -0.9976875069608631 0.0659138789677868 0.0165830942118221 -23.0320809985105726 0.0177653328657403 0.0173905975881945 0.9996909322704167 1.0236184351234987
0.0657487829403373 0.9976781130403504 -0.0177617651744021 89.6027920179984534 -0.9976842781261036 0.0660389676945020 0.0162768524549522 -23.8342759956104437 0.0174120280800426 0.0166504506272562 0.9997097497634246 1.0507407261763466
0.0662670653234273 0.9976735904629894 -0.0160025918559574 89.6647828471526367 -0.9976411399542646 0.0665357649400850 0.0168863215234560 -24.6673405331214006 0.0179117817141789 0.0148458370099329 0.9997293479733893 1.0808595602596296
0.0652220369929085 0.9977813425959893 -0.0133595755112438 89.7213664789201033 -0.9976870641782601 0.0654610736112886 0.0183131049530548 -25.4425817215963690 0.0191470066031173 0.0121342576617775 0.9997430429511064 1.0956604301057702
0.0625386700000916 0.9979843091192225 -0.0107811644291398 89.7870727363427932 -0.9978720802937250 0.0627239821337588 0.0178048711188203 -26.2654047293489583 0.0184452195675072 0.0096447300176003 0.9997833530610489 1.1372674570742753
0.0588024548500057 0.9982307015100332 -0.0088169079841056 89.8371091883330735 -0.9981201060639019 0.0589442195667166 0.0167878780867695 -27.1010234840074027 0.0172778810795354 0.0078131646890264 0.9998201984771780 1.1486348115561420
0.0539547688883407 0.9985249552462507 -0.0060660254433733 89.8940814758881572 -0.9984238713863947 0.0540413004812529 0.0151430144984405 -27.9241611602682553 0.0154484937780609 0.0052394267595650 0.9998669373707786 1.1849020189563619
0.0473466941927841 0.9988605229487645 -0.0059955186211167 89.9549757767649680 -0.9987806409361103 0.0474252252732005 0.0137142006343606 -28.7550017380176541 0.0139829124386979 0.0053388858676098 0.9998879809545789 1.1942770857559100
0.0403388769593431 0.9991748359364362 -0.0047352124615039 89.9896859221829430 -0.9990946250199683 0.0403988422616011 0.0133365587814901 -29.5872910729158960 0.0135168510337595 0.0041929435148685 0.9998998519665918 1.2238373239631373
0.0314899500213378 0.9994944425037726 -0.0043866219037930 90.0391934551545035 -0.9994091059742156 0.0315471519867107 0.0136461019103140 -30.3849459939240845 0.0137775884491061 0.0039543148079748 0.9998972654482692 1.2393740556177262
0.0213351249389555 0.9997632661378203 -0.0042689723913234 90.0575120595569985 -0.9996771871289077 0.0213918212787539 0.0137080821566540 -31.1854910173078324 0.0137961580838611 0.0039751306666034 0.9998969268671190 1.2555563005857948
0.0114544223078020 0.9999188746786032 -0.0055713796380057 90.0541385098858740 -0.9998413046698456 0.0115292046296123 0.0135809762797098 -31.9616858002108799 0.0136441080945601 0.0054149332484146 0.9998922526013586 1.2829551629863514
0.0007956738956347 0.9999904762719546 -0.0042911849694550 90.0779084475209260 -0.9999207766975934 0.0008495102645367 0.0125586090309702 -32.7840831243083883 0.0125621348318717 0.0042808524502390 0.9999119296571899 1.3042634813297442
-0.0104019617359752 0.9999354752039624 -0.0045655909441604 90.0502975161261645 -0.9998768291379727 -0.0103474710408569 0.0118006947275294 -33.5699780280428683 0.0117526909700299 0.0046877789714018 0.9999199462873407 1.3258514511354447
-0.0216993611695939 0.9997540564931890 -0.0045786734154076 90.0449309240123767 -0.9996994158815271 -0.0216454473147349 0.0115131445174091 -34.3612278694222368 0.0114112055000874 0.0048271250199763 0.9999232386803880 1.3319452045277140
